-- ========================================================================== --
--                         TELEPORT MODULE - EXTERNAL                         --
--                    Last Update: 22 Feb 2026                                --
-- ========================================================================== --

local TeleportModule = {}

-- ==================== MAP SPOTS DATABASE ====================
TeleportModule.mapSpots = {  -- <-- PAKAI TeleportModule.mapSpots, BUKAN local
	["DesertBus"] = {
		Far = CFrame.new(1350.6390380859375, -66.57595825195312, 913.889404296875, 0.08861260116100311, 0, 0.9960662126541138, 0, 1.0000001192092896, 0, -0.9960662126541138, 0, 0.08861260116100311),
		Sky = CFrame.new(29.76473045349121, 69.4240493774414, -178.1037139892578, 0.6581460237503052, 0, 0.7528902888298035, 0, 1, 0, -0.752890408039093, 0, 0.6581459641456604)
	},
	["IndoorWaterPark"] = {
		Far = CFrame.new(655.8071899414062, 196.49005126953125, 705.3368530273438, 0.33953040838241577, 0, 0.9405950903892517, 0, 1, 0, -0.9405950903892517, 0, 0.33953040838241577),
		Sky = CFrame.new(-460.7920837402344, 518.8087158203125, 1170.8741455078125, -0.0769985020160675, 0, 0.9970312118530273, 0, 1, 0, -0.9970312118530273, 0, -0.0769985020160675)
	},
	["Alleyways"] = {
		Far = CFrame.new(-35.08295440673828, 2.2002439498901367, 541.8427734375, 0.8617393374443054, 0, 0.5073513388633728, 0, 1, 0, -0.5073513984680176, 0, 0.8617392182350159),
		Sky = CFrame.new(105.782958984375, 170.20025634765625, 384.8106689453125, 0.7089647650718689, 0, -0.7052439451217651, 0, 1, 0, 0.7052439451217651, 0, 0.7089647650718689)
	},
	["Garden"] = {
		Sky = CFrame.new(-339.934326171875, 356.55731201171875, -654.667236328125, 0.9520128965377808, 0, 0.3060581684112549, 0, 1, 0, -0.30605819821357727, 0, 0.9520127773284912)
	},
	["ScorchingOutpost"] = {
		Sky = CFrame.new(-228.6458740234375, 230.90721130371094, 43.87240219116211, -0.1324794590473175, 0, -0.99118572473526, 0, 1, 0, 0.9911858439445496, 0, -0.1324794441461563)
	},
	["Maze"] = {
		Sky = CFrame.new(46.19444274902344, -121.4998779296875, 70.2211685180664, -0.9800435900688171, 0, 0.19878289103507996, 0, 1.0000001192092896, 0, -0.19878289103507996, 0, -0.9800435900688171)
	},
	["Mayday"] = {
		Far = CFrame.new(33.04498291015625, 384.283447265625, 105.46440887451172, -0.9928553104400635, 0, -0.11932454258203506, 0, 1, 0, 0.11932454258203506, 0, -0.9928553104400635),
		Sky = CFrame.new(-1019.0883178710938, 1015.3773193359375, 329.9805603027344, 0.39608004689216614, 0, 0.9182159900665283, 0, 1.0000001192092896, 0, -0.9182161092758179, 0, 0.39607998728752136)
	},
	["WinterPalace"] = {
		Sky = CFrame.new(381.09075927734375, 279.2668762207031, 130.02322387695312, 0.15100924670696259, 0, 0.988532304763794, 0, 1, 0, -0.9885324239730835, 0, 0.1510092318058014)
	},
	["JollyVillage"] = {
		Far = CFrame.new(-1013.8224487304688, 636.9444580078125, -3115.31494140625, 0.3681890368461609, 0, 0.9297509789466858, 0, 1, 0, -0.9297509789466858, 0, 0.3681890368461609),
		Sky = CFrame.new(-139.01596069335938, 1205.17431640625, -717.07568359375, 0.8310645222663879, 0, -0.5561761260032654, 0, 1.0000001192092896, 0, 0.5561761856079102, 0, 0.8310644030570984)
	},
	["Loop"] = {
		Sky = CFrame.new(-161.85980224609375, -278.20001220703125, -81.01275634765625, -0.6171243190765381, 0, -0.7868656516075134, 0, 1, 0, 0.7868656516075134, 0, -0.6171243190765381)
	},
	["FestiveGathering"] = {
		Sky = CFrame.new(11.90072250366211, 383.59442138671875, 59.90773010253906, -0.9867874383926392, 0, -0.16202007234096527, 0, 1.0000001192092896, 0, 0.16202005743980408, 0, -0.9867875576019287)
	},
	["FrostlightHollow"] = {
		Sky = CFrame.new(31.77029037475586, 985.7108154296875, 80.7327880859375, -0.9929403066635132, 0, 0.11861587315797806, 0, 1, 0, -0.11861588805913925, 0, -0.9929401874542236)
	},
	["WinterfallKingdom"] = {
		Sky = CFrame.new(-160.61166381835938, 570.0502319335938, -560.9686889648438, -0.3108031153678894, 0, -0.9504743218421936, 0, 1, 0, 0.9504743218421936, 0, -0.3108031153678894)
	},
	["FestiveWorkshop"] = {
		Sky = CFrame.new(717.2640380859375, 231.27069091796875, -407.1882629394531, 0.06374967098236084, 0, 0.997965931892395, 0, 1, 0, -0.997965931892395, 0, 0.06374967098236084)
	},
	["Cliffshire"] = {
		Sky = CFrame.new(-161.78192138671875, 403.5511474609375, -651.4358520507812, 0.5457629561424255, 0, -0.8379396200180054, 0, 1, 0, 0.8379396200180054, 0, 0.5457629561424255),
		Far = CFrame.new(-161.78192138671875, 403.5511474609375, -651.4358520507812, 0.5457629561424255, 0, -0.8379396200180054, 0, 1, 0, 0.8379396200180054, 0, 0.5457629561424255)
	},
	["NemosRest"] = {
		Sky = CFrame.new(836.2274780273438, 356.0625, 462.6441955566406, -0.7985675930976868, 0, 0.6019051671028137, 0, 1, 0, -0.6019051671028137, 0, -0.7985675930976868),
		Far = CFrame.new(836.2274780273438, 356.0625, 462.6441955566406, -0.7985675930976868, 0, 0.6019051671028137, 0, 1, 0, -0.6019051671028137, 0, -0.7985675930976868)
	},
	["Hokkaido"] = {
		Sky = CFrame.new(73.56007385253906, 432.25, 392.9374084472656, -0.9822593927383423, 0, 0.1875273436307907, 0, 1, 0, -0.1875273436307907, 0, -0.9822593927383423),
		Far = CFrame.new(73.56007385253906, 432.25, 392.9374084472656, -0.9822593927383423, 0, 0.1875273436307907, 0, 1, 0, -0.1875273436307907, 0, -0.9822593927383423)
	},
	["Cemetery"] = {
		Sky = CFrame.new(632.48193359375, 586.0111083984375, -361.3384704589844, 0.18417859077453613, 0, 0.9828926920890808, 0, 0.9999999403953552, 0, -0.9828928112983704, 0, 0.18417857587337494),
		Far = CFrame.new(632.48193359375, 586.0111083984375, -361.3384704589844, 0.18417859077453613, 0, 0.9828926920890808, 0, 0.9999999403953552, 0, -0.9828928112983704, 0, 0.18417857587337494)
	},
	["City"] = {
		Far = CFrame.new(-2127.977783203125, 383.7749938964844, -559.095947265625, 0.8021499514579773, 0, -0.5971227288246155, 0, 1.0000001192092896, 0, 0.5971227288246155, 0, 0.8021499514579773),
		Sky = CFrame.new(-2127.977783203125, 383.7749938964844, -559.095947265625, 0.8021499514579773, 0, -0.5971227288246155, 0, 1.0000001192092896, 0, 0.5971227288246155, 0, 0.8021499514579773)
	},
	["Library"] = {
		Far = CFrame.new(1793.404541015625, 208.00001525878906, 104.01787567138672, 0.055350083857774734, 0, 0.998466968536377, 0, 1, 0, -0.9984670877456665, 0, 0.05535007640719414),
		Sky = CFrame.new(1793.404541015625, 208.00001525878906, 104.01787567138672, 0.055350083857774734, 0, 0.998466968536377, 0, 1, 0, -0.9984670877456665, 0, 0.05535007640719414)
	},
	["WorkFacility"] = {
		Sky = CFrame.new(32.97286605834961, -203.93392944335938, 937.833251953125, -0.05341392755508423, 0, 0.9985724091529846, 0, 1, 0, -0.9985725283622742, 0, -0.05341392010450363),
		Far = CFrame.new(32.97286605834961, -203.93392944335938, 937.833251953125, -0.05341392755508423, 0, 0.9985724091529846, 0, 1, 0, -0.9985725283622742, 0, -0.05341392010450363)
	},
	["Funrooms"] = {
		Sky = CFrame.new(-116.376708984375, -182.91168212890625, 499.81671142578125, -0.6560189127922058, 0, 0.7547444701194763, 0, 1.0000001192092896, 0, -0.7547445893287659, 0, -0.656018853187561),
		Far = CFrame.new(-116.376708984375, -182.91168212890625, 499.81671142578125, -0.6560189127922058, 0, 0.7547444701194763, 0, 1.0000001192092896, 0, -0.7547445893287659, 0, -0.656018853187561)
	},
	["Vibrance"] = {
		Sky = CFrame.new(-177.74911499023438, 71.1875, 191.6678009033203, 0.9960232973098755, 0, -0.08909342437982559, 0, 1, 0, 0.08909342437982559, 0, 0.9960232973098755),
		Far = CFrame.new(-177.74911499023438, 71.1875, 191.6678009033203, 0.9960232973098755, 0, -0.08909342437982559, 0, 1, 0, 0.08909342437982559, 0, 0.9960232973098755)
	},
	["Construct"] = {
		Sky = CFrame.new(-612.9860229492188, 251.5, -198.60336303710938, -0.32763347029685974, 0, 0.944804847240448, 0, 1, 0, -0.9448049664497375, 0, -0.32763344049453735)
	},
	["TerrorHotel"] = {
		Sky = CFrame.new(-142.96974182128906, 75.2402114868164, 731.3663940429688, -0.5783506631851196, 0, -0.8157883286476135, 0, 1.0000001192092896, 0, 0.8157883286476135, 0, -0.5783506631851196)
	},
	["Station"] = {
		Far = CFrame.new(-1239.528564453125, -0.10437500476837158, -77.3851318359375, -0.37803247570991516, 0, 0.9257923364639282, 0, 1.0000001192092896, 0, -0.9257924556732178, 0, -0.3780324161052704),
		Sky = CFrame.new(-204.4696807861328, 321.3405456542969, 27.782020568847656, -0.025697067379951477, 0, -0.9996697902679443, 0, 1, 0, 0.9996697902679443, 0, -0.025697067379951477)
	},
	["SilverMall"] = {
		Sky = CFrame.new(-81.4511489868164, 38.782257080078125, 40.81037139892578, 0.07673122733831406, 0, 0.9970518350601196, 0, 1, 0, -0.9970518350601196, 0, 0.07673122733831406)
	},
	["AridRuins"] = {
		Sky = CFrame.new(-277.790771484375, 147.52992248535156, 280.6595153808594, 0.8448709845542908, 0, -0.5349701046943665, 0, 1, 0, 0.5349701046943665, 0, 0.8448709845542908)
	},
	["PitStop"] = {
		Far = CFrame.new(-836.5980224609375, 98, -16.104969024658203, 0.13116659224033356, 0, -0.9913603067398071, 0, 1, 0, 0.9913604259490967, 0, 0.13116657733917236),
		Sky = CFrame.new(-113.65505981445312, 527.7000122070312, -8.280224800109863, -0.7291958928108215, 0, -0.6843050718307495, 0, 1.0000001192092896, 0, 0.6843050718307495, 0, -0.7291958928108215)
	},
	["MilitaryBase"] = {
		Sky = CFrame.new(-112.2247314453125, 1295.709716796875, -371.64129638671875, 0.9938321113586426, 0, 0.11089564114809036, 0, 1, 0, -0.11089565604925156, 0, 0.993831992149353)
	},
	["Acropolis"] = {
		Sky = CFrame.new(40.0380973815918, 366.1999816894531, -317.16650390625, -0.07234137505292892, 0, -0.9973798990249634, 0, 1, 0, 0.9973800182342529, 0, -0.07234136760234833)
	},
	["UndergroundFacility"] = {
		Sky = CFrame.new(-61.493507385253906, 283.875, -48.672210693359375, -0.37790486216545105, 0, 0.9258443713188171, 0, 1, 0, -0.9258444905281067, 0, -0.3779048025608063)
	},
	["Complex"] = {
		Sky = CFrame.new(302.7427673339844, 133.50836181640625, 174.46917724609375, -0.540191113948822, 0, 0.8415424227714539, 0, 1.0000001192092896, 0, -0.8415424227714539, 0, -0.540191113948822)
	},
	["Campus"] = {
		Sky = CFrame.new(373.1975402832031, 220.21841430664062, -276.8575744628906, 0.03466206416487694, 0, 0.9993990659713745, 0, 1.0000001192092896, 0, -0.9993991851806641, 0, 0.03466206043958664)
	},
	["Backrooms"] = {
		Sky = CFrame.new(258.0068359375, 34.42504119873047, -216.18460083007812, -0.9853527545928955, 0, -0.17052891850471497, 0, 1.0000001192092896, 0, 0.17052891850471497, 0, -0.9853527545928955)
	},
	["ElysiumLaboratory"] = {
		Far = CFrame.new(2066.17822265625, 86.17101287841797, 925.7244262695312, -0.4296175241470337, 0, -0.903010904788971, 0, 1, 0, 0.9030110239982605, 0, -0.4296174645423889),
		Sky = CFrame.new(572.92822265625, 539.68359375, -363.9112548828125, 0.18566037714481354, 0, -0.9826139807701111, 0, 1, 0, 0.9826139807701111, 0, 0.18566037714481354)
	},
	["Kyoto"] = {
		Sky = CFrame.new(246.53836059570312, 61.599998474121094, -60.97388458251953, 0.13451837003231049, 0, -0.9909111261367798, 0, 1, 0, 0.9909111261367798, 0, 0.13451837003231049)
	},
	["WinterCity"] = {
		Sky = CFrame.new(-429.1330261230469, 210.130859375, 1688.6885986328125, -0.6856755614280701, 0, -0.7279072999954224, 0, 1, 0, 0.7279073596000671, 0, -0.6856755018234253)
	},
	["Industry"] = {
		Sky = CFrame.new(18.360435485839844, 77.32499694824219, 173.45294189453125, -0.03720375895500183, 0, -0.9993076920509338, 0, 1, 0, 0.9993076920509338, 0, -0.03720375895500183)
	},
	["Ikea"] = {
		Sky = CFrame.new(254.61859130859375, 87.31452178955078, 104.18612670898438, 0.06513720750808716, 0, -0.9978763461112976, 0, 1.0000001192092896, 0, 0.9978763461112976, 0, 0.06513720750808716)
	},
	["Icebreaker"] = {
		Sky = CFrame.new(-46.772701263427734, 377.8870849609375, 157.99977111816406, -0.9461325407028198, 0, 0.32377973198890686, 0, 1.0000001192092896, 0, -0.32377973198890686, 0, -0.9461325407028198)
	},
	["Gallery"] = {
		Sky = CFrame.new(-129.1414794921875, 52.93841552734375, 105.345703125, 0.13624808192253113, 0, -0.9906747341156006, 0, 1, 0, 0.9906747341156006, 0, 0.13624808192253113)
	},
	["Citadel"] = {
		Sky = CFrame.new(-16.73784065246582, 294.7091979980469, 15.647359848022461, 0.6335407495498657, 0, -0.7737094163894653, 0, 1.0000001192092896, 0, 0.7737094163894653, 0, 0.6335407495498657)
	},
	["ElysiumTower"] = {
		Sky = CFrame.new(-575.1420288085938, 337.4500732421875, -459.9267883300781, -0.02814294397830963, 0, 0.9996038675308228, 0, 1, 0, -0.9996039867401123, 0, -0.028142940253019333)
	},
	["ElysiumMoonbase"] = {
		Sky = CFrame.new(514.5113525390625, 346.3080749511719, 301.0175476074219, -0.9201717376708984, 0, 0.39151516556739807, 0, 1.0000001192092896, 0, -0.39151522517204285, 0, -0.9201716184616089)
	},
	["Drab"] = {
		Sky = CFrame.new(77.10475158691406, 243.13433837890625, -87.01614379882812, 0.9311596751213074, 0, -0.3646118938922882, 0, 1, 0, 0.3646119236946106, 0, 0.9311595559120178)
	},
	["Crossroads"] = {
		Far = CFrame.new(56.81724166870117, -32.583824157714844, 78.83319854736328, -0.8064743280410767, 0, -0.5912691950798035, 0, 1.0000001192092896, 0, 0.5912691950798035, 0, -0.8064743280410767)
	},
	["Canyon"] = {
		Sky = CFrame.new(-47.931053161621094, 168.18963623046875, -353.0606994628906, -0.6844719648361206, 0, -0.729039192199707, 0, 1, 0, 0.7290392518043518, 0, -0.6844719052314758)
	},
	["ConstructionSite"] = {
		Sky = CFrame.new(286.73321533203125, 675.6075439453125, -105.34054565429688, -0.030946245416998863, 0, 0.9995210766792297, 0, 1.0000001192092896, 0, -0.9995210766792297, 0, -0.030946245416998863)
	},
	["Jungle"] = {
		Sky = CFrame.new(-70.41287994384766, 443.4943542480469, -1230.7713623046875, -0.030330108478665352, 0, -0.9995399117469788, 0, 1, 0, 0.9995399117469788, 0, -0.030330108478665352)
	},
	["Neighborhood"] = {
		Sky = CFrame.new(-1109.68017578125, 273.52459716796875, -123.32154083251953, -0.9864818453788757, 0, -0.16387106478214264, 0, 1.0000001192092896, 0, 0.16387106478214264, 0, -0.9864818453788757)
	},
	["SeraphResearch"] = {
		Sky = CFrame.new(-144.36099243164062, 233.7420196533203, 149.83090209960938, 0.24473167955875397, 0, -0.9695908427238464, 0, 1, 0, 0.9695908427238464, 0, 0.24473167955875397)
	},
	["Facade"] = {
		Sky = CFrame.new(-34.39593505859375, 308.58758544921875, -26.045080184936523, -0.7244953513145447, 0, 0.6892796754837036, 0, 1, 0, -0.6892796754837036, 0, -0.7244953513145447)
	},
	["ImperialPalace"] = {
		Sky = CFrame.new(716.865966796875, 554.2611083984375, -373.0800476074219, 0.9931050539016724, 0, -0.11722806096076965, 0, 1.0000001192092896, 0, 0.11722806096076965, 0, 0.9931050539016724)
	},
	["Corporation"] = {
		Sky = CFrame.new(-259.1007385253906, -148.71656799316406, 878.5985717773438, -0.9616329073905945, 0, 0.2743394076824188, 0, 1, 0, -0.2743394076824188, 0, -0.9616329073905945)
	},
	["Rooftops"] = {
		Sky = CFrame.new(37.96792984008789, 418.22998046875, -112.85687255859375, -0.9524456262588501, 0, 0.3047088384628296, 0, 1, 0, -0.304708868265152, 0, -0.9524455070495605)
	},
	["Sewers"] = {
		Sky = CFrame.new(478.5670166015625, 22.941070556640625, -760.9443359375, 0.8581589460372925, 0, -0.5133841633796692, 0, 1, 0, 0.513384222984314, 0, 0.8581588268280029)
	},
	["Bedroom"] = {
		Sky = CFrame.new(79.48545837402344, 169.66900634765625, -307.6773376464844, -0.9999306201934814, 0, 0.011786974966526031, 0, 1, 0, -0.01178697682917118, 0, -0.9999305009841919)
	},
	["IndoorCourtyard"] = {
		Sky = CFrame.new(87.57669830322266, 18.649520874023438, -171.39675903320312, 0.027231918647885323, 0, -0.9996291399002075, 0, 1, 0, 0.9996291399002075, 0, 0.027231918647885323)
	},
	["Farm"] = {
		Sky = CFrame.new(106.8475112915039, 501.185791015625, 282.8508605957031, -0.6687179207801819, 0, -0.7435161471366882, 0, 0.9999999403953552, 0, 0.743516206741333, 0, -0.6687178611755371)
	},
	["Pillars"] = {
		Sky = CFrame.new(962.996826171875, 228.59999084472656, 191.5609130859375, 0.8949129581451416, 0, 0.44624078273773193, 0, 1, 0, -0.44624078273773193, 0, 0.8949129581451416)
	},
	["FourCorners"] = {
		Sky = CFrame.new(-423.96820068359375, 185.12774658203125, -152.0918731689453, -0.0647563636302948, 0, 0.9979010820388794, 0, 1.0000001192092896, 0, -0.997901201248169, 0, -0.0647563561797142)
	},
	["Tunnel"] = {
		Sky = CFrame.new(400.8442687988281, 31.711307525634766, -1119.76904296875, 0.5854415893554688, 0, -0.810714602470398, 0, 1, 0, 0.810714602470398, 0, 0.5854415893554688)
	},
	["SunkenCavern"] = {
		Sky = CFrame.new(-84.4298324584961, 118, -782.8863525390625, 0.8106763958930969, 0, -0.5854944586753845, 0, 1, 0, 0.5854944586753845, 0, 0.8106763958930969)
	},
	["Forest"] = {
		Sky = CFrame.new(338.3236389160156, 696.8301391601562, 636.6173706054688, 0.9152400493621826, 0, -0.4029090106487274, 0, 1, 0, 0.4029090106487274, 0, 0.9152400493621826)
	},
	["HellTerminal"] = {
		Sky = CFrame.new(1468.3533935546875, -31.635894775390625, 99.7929458618164, -0.14601191878318787, 0, 0.9892828464508057, 0, 1, 0, -0.9892828464508057, 0, -0.14601191878318787)
	},
	["TrainTerminal"] = {
		Sky = CFrame.new(1375.235107421875, -31.635894775390625, 313.521484375, 0.9998795390129089, 0, 0.015522545203566551, 0, 1, 0, -0.015522545203566551, 0, 0.9998795390129089)
	},
	["Roblox_Mansion"] = {
		Sky = CFrame.new(-663.1220703125, 245.1026611328125, 136.3137664794922, -0.9881491661071777, 0, -0.15349677205085754, 0, 1, 0, 0.15349677205085754, 0, -0.9881491661071777)
	},
	["CitadelSmall"] = {
		Sky = CFrame.new(-47.5933952331543, 294.7091979980469, -80.65685272216797, 0.07784908264875412, 0, 0.9969651103019714, 0, 1, 0, -0.996965229511261, 0, 0.07784907519817352)
	},
	["ComplexSmall"] = {
		Sky = CFrame.new(285.1407470703125, 128.3883514404297, 260.65869140625, -0.03271424025297165, 0, -0.999464750289917, 0, 1, 0, 0.999464750289917, 0, -0.03271424025297165)
	},
	["ConstructSmall"] = {
		Sky = CFrame.new(-542.0569458007812, 245.1999969482422, -122.97943115234375, -0.1803005486726761, 0, 0.9836115837097168, 0, 1, 0, -0.9836115837097168, 0, -0.1803005486726761)
	},
	["ConstructionSiteSmall"] = {
		Sky = CFrame.new(256.02020263671875, 675.6075439453125, -83.04479217529297, 0.21447442471981049, 0, 0.9767296314239502, 0, 1, 0, -0.9767296314239502, 0, 0.21447442471981049)
	},
	["ElysiumLaboratorySmall"] = {
		Sky = CFrame.new(542.3933715820312, 539.68359375, -650.7828979492188, -0.9826942682266235, 0, 0.18523536622524261, 0, 1.0000001192092896, 0, -0.1852353811264038, 0, -0.982694149017334)
	},
	["FacadeSmall"] = {
		Sky = CFrame.new(-26.911785125732422, 360.1175231933594, 5.301584720611572, -0.33369356393814087, 0, -0.9426815509796143, 0, 1, 0, 0.9426816701889038, 0, -0.3336935341358185)
	},
	["ImperialPalaceSmall"] = {
		Sky = CFrame.new(599.785400390625, 554.2611083984375, -345.8648376464844, -0.8370000123977661, 0, 0.5472028851509094, 0, 0.9999999403953552, 0, -0.5472029447555542, 0, -0.8369998931884766)
	},
	["IndustrySmall"] = {
		Sky = CFrame.new(47.10830307006836, 73, 340.9862365722656, -0.6270755529403687, 0, -0.7789584398269653, 0, 1, 0, 0.7789584398269653, 0, -0.6270755529403687)
	},
	["SeraphResearchSmall"] = {
		Sky = CFrame.new(-92.86857604980469, 233.7420196533203, 129.34669494628906, 0.00878764409571886, 0, -0.9999614357948303, 0, 1.0000001192092896, 0, 0.9999614357948303, 0, 0.00878764409571886)
	},
	["RooftopsSmall"] = {
		Sky = CFrame.new(142.86016845703125, 397.3184509277344, -114.34461975097656, 0.7760334014892578, 0, 0.6306918263435364, 0, 1, 0, -0.6306918263435364, 0, 0.7760334014892578)
	},
	["TerrorHotelSmall"] = {
		Sky = CFrame.new(-60.97590637207031, 75.2402114868164, 673.1410522460938, 0.17141732573509216, 0, -0.9851984977722168, 0, 1, 0, 0.9851984977722168, 0, 0.17141732573509216)
	},
	["BackroomsSmall"] = {
		Sky = CFrame.new(-227.0629425048828, 34.42504119873047, -277.2832946777344, 0.9918396472930908, 0, 0.12749190628528595, 0, 0.9999999403953552, 0, -0.12749192118644714, 0, 0.9918395280838013)
	},
	["Roblox_Crossroads"] = {
		Sky = CFrame.new(-192.0408477783203, 252.14999389648438, 172.71961975097656, 0.35993480682373047, 0, 0.9329774379730225, 0, 1, 0, -0.9329774379730225, 0, 0.35993480682373047)
	},
	["Roblox_Glasshouses"] = {
		Sky = CFrame.new(-64.8754653930664, 159.3033905029297, -52.537994384765625, -0.5992873311042786, 0, -0.8005340099334717, 0, 1, 0, 0.8005340099334717, 0, -0.5992873311042786)
	},
	["Roblox_Headquarters"] = {
		Sky = CFrame.new(98.78568267822266, 491.4000244140625, 268.83026123046875, -0.47415775060653687, 0, -0.8804398775100708, 0, 1, 0, 0.8804399967193604, 0, -0.4741576910018921)
	},
	["Roblox_Ravenrock"] = {
		Sky = CFrame.new(-48.23151397705078, 520.8837890625, -508.8917541503906, 0.9887221455574036, 0, 0.14976215362548828, 0, 1.0000001192092896, 0, -0.14976216852664948, 0, 0.988722026348114)
	},
	["Roblox_RocketArena"] = {
		Sky = CFrame.new(-163.97857666015625, 577.6868896484375, -642.6377563476562, -0.875137984752655, 0, 0.48387351632118225, 0, 1.0000001192092896, 0, -0.48387351632118225, 0, -0.875137984752655)
	},
	["Roblox_ChaosCanyon"] = {
		Sky = CFrame.new(496.82135009765625, 360.20001220703125, -469.59124755859375, 0.9074246883392334, 0, -0.42021483182907104, 0, 1.0000001192092896, 0, 0.42021483182907104, 0, 0.9074246883392334)
	},
	["FazbearPizzeria"] = {
		Sky = CFrame.new(322.06781005859375, 173.2213592529297, -507.47412109375, 0.08812039345502853, 0, -0.9961097836494446, 0, 1, 0, 0.9961099028587341, 0, 0.08812038600444794)
	},
	["EvadeLobby"] = {
		Sky = CFrame.new(-36.19413757324219, 408.44091796875, -231.52743530273438, 0.7920824885368347, 0, 0.6104141473770142, 0, 1, 0, -0.6104142069816589, 0, 0.7920823693275452)
	},
	["MinecraftCavern"] = {
		Sky = CFrame.new(-477.0157470703125, -286.29998779296875, -322.8494567871094, 0.583358883857727, 0, -0.8122144937515259, 0, 1, 0, 0.8122146129608154, 0, 0.5833588242530823)
	},
	["BloodGulch"] = {
		Sky = CFrame.new(153.5489959716797, 408.8879699707031, 204.33106994628906, 0.798352837562561, 0, 0.6021900177001953, 0, 1, 0, -0.6021900177001953, 0, 0.798352837562561)
	},
	["Office"] = {
		Sky = CFrame.new(392.3926696777344, 679.9234619140625, -912.7201538085938, 0.9916146993637085, 0, 0.12923012673854828, 0, 1.0000001192092896, 0, -0.12923012673854828, 0, 0.9916146993637085)
	},
	["DrabSmall"] = {
		Sky = CFrame.new(404.9034423828125, 243.13433837890625, -202.04286193847656, -0.9956814646720886, 0, 0.09283551573753357, 0, 1, 0, -0.09283551573753357, 0, -0.9956814646720886)
	},
	["RavagedGalleon"] = {
		Sky = CFrame.new(-153.4434051513672, 568.9390258789062, -79.07929992675781, 0.6147169470787048, 0, -0.7887477874755859, 0, 1, 0, 0.7887477874755859, 0, 0.6147169470787048)
	},
	["OutdoorZoo"] = {
		Sky = CFrame.new(293.748779296875, 409.15057373046875, -469.8151550292969, -0.3689502477645874, 0, -0.9294491410255432, 0, 1, 0, 0.9294491410255432, 0, -0.3689502477645874)
	},
	["OceanDrive"] = {
		Sky = CFrame.new(352.71893310546875, 489.3000183105469, -432.2906799316406, -0.2877233028411865, 0, -0.9577136039733887, 0, 1, 0, 0.9577136039733887, 0, -0.2877233028411865)
	},
	["InflatablePark"] = {
		Sky = CFrame.new(-37.0590705871582, 460.00006103515625, -92.86158752441406, 0.8014788627624512, 0, 0.5980231761932373, 0, 1, 0, -0.5980232357978821, 0, 0.8014787435531616)
	},
	["CoralReef"] = {
		Sky = CFrame.new(331.30908203125, 475.851806640625, -446.78778076171875, 0.060617197304964066, 0, -0.9981611371040344, 0, 1.0000001192092896, 0, 0.9981611371040344, 0, 0.060617197304964066)
	},
	["CampCliffwood"] = {
		Sky = CFrame.new(-616.0446166992188, 236.24998474121094, -723.9373779296875, -0.781373143196106, 0, 0.6240642070770264, 0, 1.0000001192092896, 0, -0.6240642666816711, 0, -0.7813730239868164)
	},
	["Atoll"] = {
		Sky = CFrame.new(575.8805541992188, 449, 497.2247619628906, -0.6157054901123047, 0, 0.7879763245582581, 0, 1, 0, -0.7879763245582581, 0, -0.6157054901123047)
	},
	["WaterPark"] = {
		Sky = CFrame.new(-11.927539825439453, 311.0104675292969, -367.7359924316406, 0.850088894367218, 0, -0.5266392827033997, 0, 1, 0, 0.5266392827033997, 0, 0.850088894367218)
	},
	["Escalera"] = {
		Sky = CFrame.new(375.18048095703125, 361.6078796386719, 474.3463439941406, 0.7027344703674316, 0, -0.711452305316925, 0, 1.0000001192092896, 0, 0.711452305316925, 0, 0.7027344703674316)
	},
	["HallowRails"] = {
		Sky = CFrame.new(-44.30644607543945, 305.56524658203125, 1007.760986328125, -0.8562602400779724, 0, -0.5165446400642395, 0, 1, 0, 0.5165446400642395, 0, -0.8562602400779724)
	},
	["Necropolis"] = {
		Sky = CFrame.new(12.89604377746582, 649.81982421875, 11.182441711425781, -0.2811030447483063, 0, 0.9596776366233826, 0, 1.0000001192092896, 0, -0.9596776366233826, 0, -0.2811030447483063)
	},
	["PumpkinEmporium"] = {
		Sky = CFrame.new(-1484.5274658203125, 217.1407470703125, 157.5406951904297, -0.8054233193397522, 0, -0.5927000641822815, 0, 1, 0, 0.5927001237869263, 0, -0.8054232001304626)
	},
	["TudorManor"] = {
		Sky = CFrame.new(-16.737945556640625, 349.1136474609375, -535.03759765625, 0.5601328015327454, 0, 0.8284028768539429, 0, 1.0000001192092896, 0, -0.8284028768539429, 0, 0.5601328015327454)
	},
	["WarpedEstate"] = {
		Sky = CFrame.new(-119.92630767822266, 306.7496337890625, -697.9681396484375, 0.9095829725265503, 0, -0.41552242636680603, 0, 1.0000001192092896, 0, 0.41552242636680603, 0, 0.9095829725265503)
	},
	["Catacombs"] = {
		Sky = CFrame.new(55.867488861083984, 347.65081787109375, -1026.07958984375, 0.30113229155540466, 0, 0.9535824060440063, 0, 1, 0, -0.9535824060440063, 0, 0.30113229155540466)
	},
	["CursedCathedral"] = {
		Sky = CFrame.new(20.40713119506836, 916.6640625, 234.79649353027344, 0.8900006413459778, 0, -0.4559594690799713, 0, 1.0000001192092896, 0, 0.4559595286846161, 0, 0.8900005221366882)
	},
	["SinisterStreets"] = {
		Sky = CFrame.new(-1323.9901123046875, 694.177490234375, -280.8382873535156, 0.46379345655441284, 0, 0.8859433531761169, 0, 1, 0, -0.8859433531761169, 0, 0.46379345655441284)
	},
	["Mictlan"] = {
		Sky = CFrame.new(-595.0527954101562, 460.5470275878906, 204.4481658935547, 0.9909257292747498, 0, -0.1344110518693924, 0, 1, 0, 0.1344110667705536, 0, 0.9909256100654602)
	},
	["CityOfSinners"] = {
		Sky = CFrame.new(664.8756713867188, 622.987548828125, -121.09954833984375, -0.9997059106826782, 0, 0.024250894784927368, 0, 1, 0, -0.024250894784927368, 0, -0.9997059106826782)
	},
	["CoastalTown"] = {
		Sky = CFrame.new(498.4950256347656, 435.56317138671875, 232.27915954589844, 0.9530850052833557, 0, 0.3027030825614929, 0, 1.0000001192092896, 0, -0.3027031123638153, 0, 0.9530848860740662)
	},
	["Poolrooms"] = {
		Far = CFrame.new(64.36515045166016, 115.50001525878906, -1744.216796875, 0.1746438890695572, 0, 0.9846315979957581, 0, 1, 0, -0.9846317172050476, 0, 0.174643874168396)
	},
	["WildWest"] = {
		Far = CFrame.new(435.45751953125, 157.94879150390625, -627.2227783203125, 0.7627000212669, 0, 0.6467524170876, 0, 1, 0, -0.6467524170876, 0, 0.7627000212669),
		Sky = CFrame.new(257.12530517578125, 469.4600830078125, -203.33348083496094, 0.9943771362305, 0, 0.1058968752623, 0, 1, 0, -0.1058968752623, 0, 0.9943771362305)
	},
	["Hexagonal"] = {
		Sky = CFrame.new(369.5339660644531, 499.1353759765625, 46.4969367980957, -0.5059906840324, 0, 0.862538933754, 0, 1, 0, -0.862538933754, 0, -0.5059906840324)
	},
	["Abstract"] = {
		Far = CFrame.new(587.570068359375, 38.8614921569824, -134.331787109375, 0.0501627884805, 0, 0.9987410306931, 0, 1, 0, -0.9987410306931, 0, 0.0501627884805)
	},
	["Labyrinth"] = {
		Far = CFrame.new(21.8142127990723, -131.900634765625, -465.5332946777344, 0.9979239702225, 0, 0.0644031092525, 0, 1, 0, -0.0644031092525, 0, 0.9979239702225),
		Sky = CFrame.new(-135.86544799804688, -106.81256866455078, -1068.0909423828125, -0.9927690625191, 0, -0.1200400739908, 0, 1, 0, 0.1200400739908, 0, -0.9927690625191)
	},
	["Forest"] = {
		Sky = CFrame.new(-1025.3602294921875, 697.011474609375, 534.966552734375, -0.9511477351189, 0, -0.3087360858917, 0, 1, 0, 0.3087360858917, 0, -0.9511477351189)
	},
	["Gymnasium"] = {
		Sky = CFrame.new(-396.1473693847656, 200.73968505859375, 1508.336181640625, -0.9999305009842, 0, -0.0117908688262, 0, 1, 0, 0.0117908688262, 0, -0.9999305009842)
	},
	["FrostySummit"] = {
		Far = CFrame.new(-500.3316955566406, -197.22129821777344, -651.2916259765625, -0.4777063429356, 0, -0.8785195946693, 0, 1, 0, 0.8785195946693, 0, -0.4777063429356),
		Sky = CFrame.new(-114.98516845703125, -72.67158508300781, -367.4006042480469, 0.0870955884457, 0, 0.996199965477, 0, 1, 0, -0.996199965477, 0, 0.0870955884457)
	},
	["Mansion"] = {
    	Far = CFrame.new(-609.3151245117188, 44.3753013610840, 160.8323364257812, 0.9942196011543, 0.0000000000000, 0.1073655858636, 0.0000000000000, 1.0000000000000, 0.0000000000000, -0.1073655858636, 0.0000000000000, 0.9942196011543),
    	Sky = CFrame.new(-418.3746948242188, 44.2414016723633, -332.5739135742188, -0.0188546180725, 0.0000000000000, 0.9998222589493, 0.0000000000000, 1.0000000000000, 0.0000000000000, -0.9998222589493, 0.0000000000000, -0.0188546180725),
	},
}

-- ==================== FUNGSI ====================

function TeleportModule.GetCurrentMap()
    local gameFolder = workspace:FindFirstChild("Game")
    if gameFolder then
        local mapFolder = gameFolder:FindFirstChild("Map")
        if mapFolder then
            local mapName = mapFolder:GetAttribute("MapName")
            if mapName and mapName ~= "" then
                return mapName
            end
        end
    end
    return "Unknown"
end

function TeleportModule.HasMapData(mapName)
    return TeleportModule.mapSpots[mapName] ~= nil  -- <-- SEKARANG BENAR
end

function TeleportModule.GetMapSpot(mapName, spotType)
    if not TeleportModule.mapSpots[mapName] then return nil end
    return TeleportModule.mapSpots[mapName][spotType]
end

function TeleportModule.GetAllMapNames()
    local names = {}
    for name, _ in pairs(TeleportModule.mapSpots) do
        table.insert(names, name)
    end
    table.sort(names)
    return names
end

function TeleportModule.GetMapCount()
    local count = 0
    for _ in pairs(TeleportModule.mapSpots) do
        count = count + 1
    end
    return count
end

function TeleportModule.GetLastUpdate()
    return "19 Feb 2026"
end

return TeleportModule
